7.6 3.8 -2.0944
7.56938 3.50565 -2.21324
7.42202 3.38823 -2.71004
7.26642 3.37146 -3.00548
7.16436 3.08707 -3.12514
6.94455 2.95896 -2.91652
6.57147 2.83653 -2.85124
6.27052 2.70723 -2.95039
5.94729 2.70384 -3.11407
5.64787 2.59142 -3.09529
5.37389 2.51525 -2.89661
5.14048 2.36077 -2.81705
4.94077 2.23217 -2.64301
4.79734 2.13305 -2.58641
4.60531 1.95036 -2.36611
4.46188 1.7762 -2.21848
4.40965 1.54928 -2.13411
4.37998 1.31699 -2.09595
4.34837 1.05736 -2.12077
4.33045 0.884813 -2.23379
4.29639 0.687814 -2.18891
4.29263 0.377705 -2.03413
